
SUMMARISING RUN PARAMETERS
==========================
Input filename: 10Lt.300.R2.fastq
Trimming mode: paired-end
Trim Galore version: 0.6.4
Cutadapt version: 2.4
Number of cores used for trimming: 1
Quality Phred score cutoff: 20
Quality encoding type selected: ASCII+33
Adapter sequence: 'AGATCGGAAGAGC' (Illumina TruSeq, Sanger iPCR; user defined)
Maximum trimming error rate: 0.1 (default)
Minimum required adapter overlap (stringency): 1 bp
Minimum required sequence length for both reads before a sequence pair gets removed: 20 bp
Length cut-off for read 1: 35 bp (default)
Length cut-off for read 2: 35 bp (default)
Running FastQC on the data once trimming has completed


This is cutadapt 2.4 with Python 3.7.3
Command line parameters: -j 1 -e 0.1 -q 20 -O 1 -a AGATCGGAAGAGC 10Lt.300.R2.fastq
Processing reads on 1 core in single-end mode ...
Finished in 33.19 s (16 us/read; 3.69 M reads/minute).

=== Summary ===

Total reads processed:               2,040,731
Reads with adapters:                   725,136 (35.5%)
Reads written (passing filters):     2,040,731 (100.0%)

Total basepairs processed:   591,188,333 bp
Quality-trimmed:             105,337,904 bp (17.8%)
Total written (filtered):    484,862,840 bp (82.0%)

=== Adapter 1 ===

Sequence: AGATCGGAAGAGC; Type: regular 3'; Length: 13; Trimmed: 725136 times.

No. of allowed errors:
0-9 bp: 0; 10-13 bp: 1

Bases preceding removed adapters:
  A: 37.2%
  C: 27.5%
  G: 16.7%
  T: 18.5%
  none/other: 0.0%

Overview of removed sequences
length	count	expect	max.err	error counts
1	573597	510182.8	0	573597
2	109234	127545.7	0	109234
3	33768	31886.4	0	33768
4	6096	7971.6	0	6096
5	1536	1992.9	0	1536
6	234	498.2	0	234
7	63	124.6	0	63
8	10	31.1	0	10
9	31	7.8	0	5 26
10	65	1.9	1	0 65
11	21	0.5	1	0 21
12	9	0.1	1	0 9
13	4	0.0	1	0 4
14	2	0.0	1	0 2
15	2	0.0	1	1 1
16	1	0.0	1	0 1
17	3	0.0	1	0 3
19	3	0.0	1	0 3
20	2	0.0	1	0 2
21	4	0.0	1	0 4
22	3	0.0	1	0 3
23	3	0.0	1	0 3
24	3	0.0	1	0 3
25	3	0.0	1	0 3
26	7	0.0	1	0 7
27	6	0.0	1	0 6
28	3	0.0	1	0 3
29	1	0.0	1	0 1
30	2	0.0	1	0 2
31	1	0.0	1	0 1
32	1	0.0	1	0 1
34	3	0.0	1	0 3
35	2	0.0	1	0 2
36	1	0.0	1	1
37	4	0.0	1	0 4
38	1	0.0	1	0 1
41	1	0.0	1	0 1
42	2	0.0	1	0 2
43	3	0.0	1	0 3
45	5	0.0	1	0 5
46	1	0.0	1	0 1
47	3	0.0	1	0 3
48	2	0.0	1	0 2
49	3	0.0	1	0 3
50	1	0.0	1	1
51	1	0.0	1	0 1
52	3	0.0	1	0 3
53	2	0.0	1	1 1
54	7	0.0	1	0 7
57	4	0.0	1	0 4
59	3	0.0	1	0 3
60	3	0.0	1	0 3
61	2	0.0	1	0 2
62	3	0.0	1	0 3
63	4	0.0	1	0 4
64	5	0.0	1	0 5
65	3	0.0	1	0 3
66	1	0.0	1	0 1
67	1	0.0	1	0 1
68	2	0.0	1	0 2
69	2	0.0	1	0 2
70	4	0.0	1	0 4
71	1	0.0	1	0 1
72	2	0.0	1	0 2
73	2	0.0	1	0 2
74	1	0.0	1	0 1
75	5	0.0	1	0 5
77	1	0.0	1	0 1
78	4	0.0	1	0 4
79	1	0.0	1	0 1
80	1	0.0	1	0 1
81	2	0.0	1	0 2
82	1	0.0	1	0 1
83	3	0.0	1	0 3
84	1	0.0	1	0 1
85	2	0.0	1	0 2
86	2	0.0	1	0 2
87	4	0.0	1	1 3
88	4	0.0	1	0 4
89	1	0.0	1	0 1
90	1	0.0	1	0 1
92	5	0.0	1	0 5
93	2	0.0	1	0 2
94	6	0.0	1	0 6
95	1	0.0	1	0 1
96	2	0.0	1	0 2
97	4	0.0	1	0 4
98	2	0.0	1	0 2
99	6	0.0	1	1 5
100	1	0.0	1	1
101	1	0.0	1	0 1
102	1	0.0	1	0 1
103	3	0.0	1	0 3
104	1	0.0	1	0 1
105	3	0.0	1	0 3
106	1	0.0	1	0 1
107	2	0.0	1	0 2
108	4	0.0	1	1 3
109	1	0.0	1	0 1
110	2	0.0	1	0 2
111	1	0.0	1	0 1
112	2	0.0	1	0 2
114	1	0.0	1	0 1
115	2	0.0	1	1 1
116	1	0.0	1	0 1
117	1	0.0	1	0 1
118	3	0.0	1	0 3
119	1	0.0	1	0 1
120	2	0.0	1	0 2
121	3	0.0	1	0 3
122	4	0.0	1	0 4
123	2	0.0	1	0 2
124	6	0.0	1	0 6
126	2	0.0	1	0 2
127	3	0.0	1	0 3
128	4	0.0	1	0 4
129	2	0.0	1	0 2
130	3	0.0	1	0 3
131	2	0.0	1	0 2
132	2	0.0	1	0 2
133	2	0.0	1	0 2
134	2	0.0	1	0 2
136	2	0.0	1	0 2
137	2	0.0	1	0 2
138	2	0.0	1	0 2
139	5	0.0	1	0 5
140	2	0.0	1	0 2
141	4	0.0	1	0 4
143	2	0.0	1	0 2
144	3	0.0	1	2 1
145	3	0.0	1	0 3
147	3	0.0	1	0 3
148	1	0.0	1	0 1
149	1	0.0	1	0 1
150	1	0.0	1	0 1
151	4	0.0	1	0 4
153	2	0.0	1	0 2
154	4	0.0	1	0 4
155	2	0.0	1	0 2
157	1	0.0	1	0 1
160	1	0.0	1	0 1
161	1	0.0	1	0 1
162	1	0.0	1	0 1
163	1	0.0	1	0 1
164	2	0.0	1	0 2
165	1	0.0	1	0 1
166	1	0.0	1	0 1
167	2	0.0	1	0 2
168	2	0.0	1	0 2
169	1	0.0	1	0 1
170	6	0.0	1	0 6
171	1	0.0	1	0 1
172	3	0.0	1	0 3
174	1	0.0	1	0 1
175	1	0.0	1	0 1
177	1	0.0	1	0 1
178	2	0.0	1	0 2
179	1	0.0	1	0 1
180	1	0.0	1	0 1
181	1	0.0	1	0 1
183	2	0.0	1	0 2
184	2	0.0	1	0 2
185	2	0.0	1	0 2
186	1	0.0	1	0 1
187	3	0.0	1	0 3
188	1	0.0	1	0 1
189	3	0.0	1	0 3
190	2	0.0	1	0 2
191	6	0.0	1	0 6
193	3	0.0	1	0 3
194	4	0.0	1	0 4
195	2	0.0	1	0 2
196	4	0.0	1	0 4
197	2	0.0	1	0 2
198	2	0.0	1	0 2
201	2	0.0	1	0 2
202	1	0.0	1	1
203	3	0.0	1	0 3
204	2	0.0	1	0 2
205	1	0.0	1	0 1
207	2	0.0	1	0 2
208	1	0.0	1	0 1
210	2	0.0	1	0 2
211	4	0.0	1	0 4
212	1	0.0	1	1
213	3	0.0	1	0 3
216	2	0.0	1	0 2
217	1	0.0	1	0 1
218	2	0.0	1	0 2
221	1	0.0	1	0 1
222	1	0.0	1	0 1
223	2	0.0	1	0 2
224	1	0.0	1	0 1
225	1	0.0	1	1
228	1	0.0	1	0 1
229	1	0.0	1	0 1
230	1	0.0	1	0 1
231	4	0.0	1	1 3
232	1	0.0	1	0 1
233	1	0.0	1	0 1
234	2	0.0	1	1 1
236	1	0.0	1	0 1
237	1	0.0	1	0 1
238	2	0.0	1	0 2
240	2	0.0	1	0 2
241	1	0.0	1	0 1
242	4	0.0	1	2 2
244	1	0.0	1	0 1
245	1	0.0	1	0 1
248	1	0.0	1	0 1
253	1	0.0	1	0 1
254	1	0.0	1	0 1
256	1	0.0	1	0 1
257	2	0.0	1	0 2
259	2	0.0	1	0 2
262	1	0.0	1	0 1
264	2	0.0	1	0 2
266	1	0.0	1	0 1
269	2	0.0	1	0 2
270	1	0.0	1	0 1
271	1	0.0	1	0 1
273	1	0.0	1	0 1
276	1	0.0	1	0 1
277	2	0.0	1	0 2
284	1	0.0	1	0 1
285	1	0.0	1	0 1
287	1	0.0	1	0 1
288	1	0.0	1	0 1
291	1	0.0	1	0 1
297	1	0.0	1	0 1
301	1	0.0	1	0 1

RUN STATISTICS FOR INPUT FILE: 10Lt.300.R2.fastq
=============================================
2040731 sequences processed in total

Total number of sequences analysed for the sequence pair length validation: 2040731

Number of sequence pairs removed because at least one read was shorter than the length cutoff (20 bp): 14128 (0.69%)
