
SUMMARISING RUN PARAMETERS
==========================
Input filename: 10Lt.300.R1.fastq
Trimming mode: paired-end
Trim Galore version: 0.6.4
Cutadapt version: 2.4
Number of cores used for trimming: 1
Quality Phred score cutoff: 20
Quality encoding type selected: ASCII+33
Adapter sequence: 'AGATCGGAAGAGC' (Illumina TruSeq, Sanger iPCR; user defined)
Maximum trimming error rate: 0.1 (default)
Minimum required adapter overlap (stringency): 1 bp
Minimum required sequence length for both reads before a sequence pair gets removed: 20 bp
Length cut-off for read 1: 35 bp (default)
Length cut-off for read 2: 35 bp (default)
Running FastQC on the data once trimming has completed


This is cutadapt 2.4 with Python 3.7.3
Command line parameters: -j 1 -e 0.1 -q 20 -O 1 -a AGATCGGAAGAGC 10Lt.300.R1.fastq
Processing reads on 1 core in single-end mode ...
Finished in 35.08 s (17 us/read; 3.49 M reads/minute).

=== Summary ===

Total reads processed:               2,040,731
Reads with adapters:                   667,789 (32.7%)
Reads written (passing filters):     2,040,731 (100.0%)

Total basepairs processed:   590,472,860 bp
Quality-trimmed:              34,432,349 bp (5.8%)
Total written (filtered):    555,076,365 bp (94.0%)

=== Adapter 1 ===

Sequence: AGATCGGAAGAGC; Type: regular 3'; Length: 13; Trimmed: 667789 times.

No. of allowed errors:
0-9 bp: 0; 10-13 bp: 1

Bases preceding removed adapters:
  A: 36.2%
  C: 27.8%
  G: 18.1%
  T: 17.9%
  none/other: 0.0%

Overview of removed sequences
length	count	expect	max.err	error counts
1	505645	510182.8	0	505645
2	120189	127545.7	0	120189
3	31252	31886.4	0	31252
4	8043	7971.6	0	8043
5	1600	1992.9	0	1600
6	280	498.2	0	280
7	67	124.6	0	67
8	16	31.1	0	16
9	60	7.8	0	4 56
10	73	1.9	1	1 72
11	35	0.5	1	0 35
12	8	0.1	1	1 7
13	2	0.0	1	0 2
14	1	0.0	1	0 1
15	2	0.0	1	0 2
16	1	0.0	1	0 1
17	2	0.0	1	0 2
18	2	0.0	1	0 2
21	2	0.0	1	0 2
22	4	0.0	1	0 4
23	2	0.0	1	1 1
26	1	0.0	1	0 1
30	3	0.0	1	0 3
31	1	0.0	1	0 1
32	1	0.0	1	0 1
34	3	0.0	1	0 3
35	1	0.0	1	0 1
36	2	0.0	1	0 2
37	2	0.0	1	0 2
38	1	0.0	1	0 1
39	1	0.0	1	0 1
41	1	0.0	1	0 1
42	2	0.0	1	0 2
43	1	0.0	1	0 1
45	1	0.0	1	0 1
46	1	0.0	1	0 1
49	3	0.0	1	0 3
50	1	0.0	1	0 1
51	2	0.0	1	0 2
52	2	0.0	1	0 2
53	3	0.0	1	0 3
55	7	0.0	1	0 7
56	4	0.0	1	0 4
57	3	0.0	1	0 3
58	1	0.0	1	0 1
59	1	0.0	1	0 1
60	2	0.0	1	0 2
61	2	0.0	1	0 2
62	1	0.0	1	0 1
63	1	0.0	1	0 1
64	2	0.0	1	0 2
65	3	0.0	1	0 3
67	1	0.0	1	0 1
68	3	0.0	1	0 3
70	1	0.0	1	0 1
71	4	0.0	1	0 4
72	2	0.0	1	1 1
73	2	0.0	1	0 2
74	6	0.0	1	0 6
75	1	0.0	1	0 1
76	2	0.0	1	0 2
77	1	0.0	1	1
78	6	0.0	1	0 6
79	1	0.0	1	0 1
80	1	0.0	1	0 1
81	1	0.0	1	0 1
82	3	0.0	1	0 3
83	2	0.0	1	1 1
84	3	0.0	1	0 3
85	5	0.0	1	0 5
86	2	0.0	1	0 2
87	1	0.0	1	0 1
88	2	0.0	1	0 2
89	1	0.0	1	0 1
90	1	0.0	1	0 1
91	2	0.0	1	0 2
92	3	0.0	1	0 3
93	3	0.0	1	0 3
94	3	0.0	1	1 2
95	5	0.0	1	0 5
96	2	0.0	1	0 2
97	5	0.0	1	1 4
98	1	0.0	1	0 1
99	3	0.0	1	0 3
101	1	0.0	1	0 1
102	1	0.0	1	0 1
103	2	0.0	1	0 2
104	1	0.0	1	0 1
105	3	0.0	1	0 3
106	1	0.0	1	0 1
107	2	0.0	1	0 2
109	4	0.0	1	0 4
110	2	0.0	1	0 2
111	1	0.0	1	0 1
112	2	0.0	1	0 2
113	1	0.0	1	0 1
114	2	0.0	1	0 2
115	2	0.0	1	0 2
116	2	0.0	1	0 2
117	2	0.0	1	0 2
118	2	0.0	1	0 2
119	1	0.0	1	0 1
120	1	0.0	1	0 1
121	4	0.0	1	0 4
122	1	0.0	1	0 1
123	2	0.0	1	0 2
124	2	0.0	1	0 2
125	1	0.0	1	0 1
126	3	0.0	1	0 3
127	1	0.0	1	0 1
128	2	0.0	1	1 1
129	2	0.0	1	0 2
130	1	0.0	1	0 1
131	5	0.0	1	0 5
132	2	0.0	1	0 2
133	4	0.0	1	0 4
134	3	0.0	1	0 3
135	2	0.0	1	0 2
136	3	0.0	1	0 3
137	1	0.0	1	0 1
139	1	0.0	1	0 1
140	4	0.0	1	0 4
141	2	0.0	1	0 2
142	3	0.0	1	0 3
143	2	0.0	1	1 1
144	2	0.0	1	0 2
145	4	0.0	1	1 3
146	4	0.0	1	1 3
147	3	0.0	1	0 3
149	1	0.0	1	0 1
150	1	0.0	1	0 1
151	2	0.0	1	0 2
152	4	0.0	1	0 4
153	3	0.0	1	0 3
154	2	0.0	1	0 2
155	2	0.0	1	0 2
156	2	0.0	1	0 2
157	1	0.0	1	0 1
158	1	0.0	1	0 1
159	2	0.0	1	0 2
160	1	0.0	1	0 1
161	2	0.0	1	0 2
162	4	0.0	1	1 3
163	2	0.0	1	0 2
164	2	0.0	1	0 2
168	3	0.0	1	0 3
169	1	0.0	1	0 1
170	1	0.0	1	0 1
171	1	0.0	1	0 1
172	1	0.0	1	0 1
173	4	0.0	1	0 4
174	4	0.0	1	0 4
175	3	0.0	1	0 3
176	2	0.0	1	1 1
177	3	0.0	1	0 3
178	1	0.0	1	0 1
179	1	0.0	1	0 1
180	2	0.0	1	0 2
181	3	0.0	1	0 3
182	3	0.0	1	0 3
183	3	0.0	1	0 3
184	1	0.0	1	0 1
185	1	0.0	1	0 1
186	2	0.0	1	0 2
188	3	0.0	1	0 3
189	5	0.0	1	0 5
190	4	0.0	1	0 4
191	3	0.0	1	0 3
192	3	0.0	1	0 3
193	2	0.0	1	1 1
196	2	0.0	1	0 2
197	2	0.0	1	0 2
198	4	0.0	1	0 4
199	2	0.0	1	1 1
200	3	0.0	1	0 3
201	2	0.0	1	0 2
202	1	0.0	1	0 1
203	2	0.0	1	0 2
204	2	0.0	1	0 2
205	1	0.0	1	0 1
206	2	0.0	1	0 2
207	3	0.0	1	1 2
208	4	0.0	1	0 4
209	2	0.0	1	0 2
210	1	0.0	1	0 1
211	1	0.0	1	0 1
212	2	0.0	1	0 2
213	3	0.0	1	0 3
214	1	0.0	1	0 1
215	1	0.0	1	0 1
216	3	0.0	1	1 2
218	4	0.0	1	0 4
220	2	0.0	1	0 2
221	5	0.0	1	0 5
222	2	0.0	1	0 2
223	4	0.0	1	0 4
224	1	0.0	1	0 1
225	2	0.0	1	0 2
226	4	0.0	1	0 4
227	4	0.0	1	0 4
228	1	0.0	1	0 1
229	1	0.0	1	0 1
231	2	0.0	1	0 2
232	1	0.0	1	0 1
233	1	0.0	1	0 1
234	2	0.0	1	0 2
235	3	0.0	1	0 3
237	2	0.0	1	0 2
238	1	0.0	1	0 1
239	4	0.0	1	0 4
240	1	0.0	1	0 1
242	5	0.0	1	0 5
243	1	0.0	1	0 1
244	3	0.0	1	0 3
245	2	0.0	1	0 2
247	2	0.0	1	0 2
248	3	0.0	1	0 3
250	2	0.0	1	0 2
251	3	0.0	1	0 3
252	1	0.0	1	0 1
253	4	0.0	1	0 4
254	1	0.0	1	0 1
255	2	0.0	1	0 2
257	2	0.0	1	0 2
259	3	0.0	1	0 3
260	1	0.0	1	0 1
261	1	0.0	1	0 1
264	1	0.0	1	0 1
265	3	0.0	1	0 3
266	3	0.0	1	0 3
267	3	0.0	1	0 3
268	1	0.0	1	1
269	1	0.0	1	0 1
270	3	0.0	1	0 3
271	1	0.0	1	0 1
272	2	0.0	1	0 2
273	1	0.0	1	0 1
275	1	0.0	1	0 1
276	3	0.0	1	0 3
277	2	0.0	1	0 2
278	1	0.0	1	0 1
279	1	0.0	1	0 1
280	1	0.0	1	0 1
281	3	0.0	1	0 3
282	3	0.0	1	0 3
283	3	0.0	1	1 2
286	1	0.0	1	0 1
287	2	0.0	1	0 2
288	2	0.0	1	0 2
290	1	0.0	1	0 1
291	1	0.0	1	0 1
292	1	0.0	1	0 1
293	1	0.0	1	0 1
295	1	0.0	1	0 1
297	1	0.0	1	0 1

RUN STATISTICS FOR INPUT FILE: 10Lt.300.R1.fastq
=============================================
2040731 sequences processed in total

