
SUMMARISING RUN PARAMETERS
==========================
Input filename: 11Lt.300.R1.fastq
Trimming mode: paired-end
Trim Galore version: 0.6.4
Cutadapt version: 2.4
Number of cores used for trimming: 1
Quality Phred score cutoff: 20
Quality encoding type selected: ASCII+33
Adapter sequence: 'AGATCGGAAGAGC' (Illumina TruSeq, Sanger iPCR; user defined)
Maximum trimming error rate: 0.1 (default)
Minimum required adapter overlap (stringency): 1 bp
Minimum required sequence length for both reads before a sequence pair gets removed: 20 bp
Length cut-off for read 1: 35 bp (default)
Length cut-off for read 2: 35 bp (default)
Running FastQC on the data once trimming has completed


This is cutadapt 2.4 with Python 3.7.3
Command line parameters: -j 1 -e 0.1 -q 20 -O 1 -a AGATCGGAAGAGC 11Lt.300.R1.fastq
Processing reads on 1 core in single-end mode ...
Finished in 69.97 s (17 us/read; 3.49 M reads/minute).

=== Summary ===

Total reads processed:               4,066,964
Reads with adapters:                 1,228,562 (30.2%)
Reads written (passing filters):     4,066,964 (100.0%)

Total basepairs processed: 1,013,796,921 bp
Quality-trimmed:              44,383,789 bp (4.4%)
Total written (filtered):    967,541,978 bp (95.4%)

=== Adapter 1 ===

Sequence: AGATCGGAAGAGC; Type: regular 3'; Length: 13; Trimmed: 1228562 times.

No. of allowed errors:
0-9 bp: 0; 10-13 bp: 1

Bases preceding removed adapters:
  A: 35.6%
  C: 25.2%
  G: 20.2%
  T: 18.9%
  none/other: 0.0%

Overview of removed sequences
length	count	expect	max.err	error counts
1	851811	1016741.0	0	851811
2	286352	254185.2	0	286352
3	61247	63546.3	0	61247
4	22588	15886.6	0	22588
5	4626	3971.6	0	4626
6	417	992.9	0	417
7	93	248.2	0	93
8	27	62.1	0	27
9	119	15.5	0	6 113
10	209	3.9	1	2 207
11	52	1.0	1	1 51
12	15	0.2	1	0 15
13	4	0.1	1	0 4
14	3	0.1	1	0 3
15	4	0.1	1	0 4
16	5	0.1	1	0 5
17	4	0.1	1	0 4
18	4	0.1	1	0 4
19	2	0.1	1	0 2
20	2	0.1	1	0 2
21	4	0.1	1	1 3
22	5	0.1	1	0 5
23	6	0.1	1	1 5
24	5	0.1	1	0 5
25	4	0.1	1	0 4
26	9	0.1	1	0 9
27	2	0.1	1	0 2
28	1	0.1	1	0 1
29	5	0.1	1	0 5
30	4	0.1	1	0 4
31	2	0.1	1	0 2
32	6	0.1	1	0 6
33	8	0.1	1	0 8
34	6	0.1	1	1 5
35	2	0.1	1	0 2
36	6	0.1	1	1 5
37	3	0.1	1	0 3
38	3	0.1	1	1 2
39	5	0.1	1	0 5
40	7	0.1	1	0 7
41	3	0.1	1	1 2
42	2	0.1	1	0 2
43	3	0.1	1	0 3
44	5	0.1	1	0 5
45	4	0.1	1	0 4
46	3	0.1	1	0 3
47	1	0.1	1	0 1
48	2	0.1	1	0 2
49	3	0.1	1	0 3
50	4	0.1	1	0 4
51	4	0.1	1	1 3
52	4	0.1	1	0 4
53	2	0.1	1	0 2
54	7	0.1	1	0 7
55	1	0.1	1	0 1
56	7	0.1	1	0 7
57	2	0.1	1	0 2
58	1	0.1	1	0 1
59	3	0.1	1	0 3
60	2	0.1	1	0 2
61	3	0.1	1	0 3
62	7	0.1	1	0 7
63	4	0.1	1	1 3
64	7	0.1	1	0 7
65	1	0.1	1	0 1
66	5	0.1	1	0 5
67	2	0.1	1	0 2
68	2	0.1	1	0 2
69	3	0.1	1	0 3
70	3	0.1	1	0 3
71	3	0.1	1	1 2
72	5	0.1	1	1 4
73	1	0.1	1	0 1
74	3	0.1	1	0 3
75	4	0.1	1	0 4
76	5	0.1	1	0 5
77	5	0.1	1	0 5
78	4	0.1	1	0 4
79	7	0.1	1	0 7
80	6	0.1	1	0 6
81	4	0.1	1	0 4
82	3	0.1	1	0 3
83	3	0.1	1	0 3
84	5	0.1	1	0 5
85	2	0.1	1	1 1
86	8	0.1	1	1 7
87	4	0.1	1	0 4
88	5	0.1	1	0 5
89	4	0.1	1	0 4
90	7	0.1	1	0 7
91	1	0.1	1	0 1
92	5	0.1	1	0 5
93	5	0.1	1	0 5
94	9	0.1	1	0 9
95	2	0.1	1	0 2
96	4	0.1	1	0 4
97	7	0.1	1	0 7
98	4	0.1	1	0 4
99	5	0.1	1	0 5
100	2	0.1	1	0 2
101	1	0.1	1	0 1
102	6	0.1	1	0 6
103	5	0.1	1	1 4
104	2	0.1	1	0 2
105	2	0.1	1	0 2
106	10	0.1	1	0 10
107	4	0.1	1	0 4
108	4	0.1	1	0 4
109	1	0.1	1	0 1
110	3	0.1	1	0 3
111	2	0.1	1	0 2
112	4	0.1	1	0 4
113	5	0.1	1	0 5
114	6	0.1	1	1 5
115	4	0.1	1	0 4
116	4	0.1	1	0 4
117	4	0.1	1	0 4
118	3	0.1	1	0 3
119	7	0.1	1	0 7
120	10	0.1	1	0 10
121	4	0.1	1	0 4
122	7	0.1	1	0 7
123	5	0.1	1	0 5
124	3	0.1	1	0 3
125	2	0.1	1	0 2
126	1	0.1	1	0 1
127	3	0.1	1	0 3
128	5	0.1	1	0 5
129	4	0.1	1	0 4
130	5	0.1	1	0 5
131	4	0.1	1	0 4
132	6	0.1	1	0 6
133	1	0.1	1	0 1
134	2	0.1	1	0 2
135	3	0.1	1	0 3
136	1	0.1	1	0 1
137	5	0.1	1	1 4
138	4	0.1	1	0 4
139	5	0.1	1	0 5
140	4	0.1	1	0 4
141	8	0.1	1	0 8
142	6	0.1	1	1 5
143	3	0.1	1	1 2
144	6	0.1	1	0 6
145	5	0.1	1	0 5
146	6	0.1	1	0 6
147	5	0.1	1	0 5
148	5	0.1	1	0 5
149	6	0.1	1	0 6
150	5	0.1	1	0 5
151	4	0.1	1	1 3
152	3	0.1	1	0 3
153	4	0.1	1	0 4
154	6	0.1	1	0 6
155	4	0.1	1	0 4
156	3	0.1	1	0 3
157	10	0.1	1	0 10
158	1	0.1	1	1
159	3	0.1	1	0 3
160	7	0.1	1	0 7
161	2	0.1	1	0 2
162	2	0.1	1	0 2
163	4	0.1	1	0 4
165	4	0.1	1	0 4
166	4	0.1	1	0 4
167	3	0.1	1	1 2
168	1	0.1	1	0 1
169	3	0.1	1	0 3
170	1	0.1	1	0 1
171	4	0.1	1	0 4
172	1	0.1	1	0 1
173	3	0.1	1	0 3
174	3	0.1	1	0 3
175	1	0.1	1	0 1
176	4	0.1	1	0 4
177	4	0.1	1	0 4
179	6	0.1	1	0 6
180	3	0.1	1	0 3
181	8	0.1	1	0 8
182	3	0.1	1	0 3
183	3	0.1	1	0 3
184	2	0.1	1	0 2
185	7	0.1	1	0 7
186	2	0.1	1	0 2
187	5	0.1	1	0 5
188	2	0.1	1	0 2
189	6	0.1	1	0 6
190	1	0.1	1	0 1
191	2	0.1	1	0 2
192	1	0.1	1	0 1
193	5	0.1	1	0 5
194	3	0.1	1	1 2
195	4	0.1	1	0 4
196	5	0.1	1	1 4
197	4	0.1	1	0 4
198	3	0.1	1	0 3
199	6	0.1	1	1 5
200	2	0.1	1	0 2
201	4	0.1	1	0 4
202	3	0.1	1	0 3
203	2	0.1	1	0 2
204	5	0.1	1	0 5
205	4	0.1	1	1 3
206	3	0.1	1	0 3
207	5	0.1	1	0 5
208	2	0.1	1	0 2
209	6	0.1	1	0 6
210	6	0.1	1	0 6
211	2	0.1	1	0 2
212	6	0.1	1	0 6
213	3	0.1	1	0 3
214	1	0.1	1	0 1
215	1	0.1	1	0 1
216	6	0.1	1	0 6
217	4	0.1	1	0 4
218	5	0.1	1	1 4
219	3	0.1	1	0 3
220	3	0.1	1	0 3
221	4	0.1	1	0 4
222	2	0.1	1	0 2
223	2	0.1	1	0 2
224	4	0.1	1	0 4
225	1	0.1	1	0 1
226	6	0.1	1	0 6
227	2	0.1	1	0 2
228	3	0.1	1	0 3
229	3	0.1	1	0 3
230	4	0.1	1	0 4
231	3	0.1	1	0 3
232	5	0.1	1	1 4
233	6	0.1	1	0 6
234	3	0.1	1	0 3
235	1	0.1	1	1
236	2	0.1	1	0 2
237	3	0.1	1	0 3
239	2	0.1	1	0 2
240	2	0.1	1	1 1
241	1	0.1	1	0 1
242	4	0.1	1	0 4
243	4	0.1	1	0 4
244	1	0.1	1	0 1
245	4	0.1	1	0 4
246	2	0.1	1	0 2
247	2	0.1	1	0 2
248	1	0.1	1	0 1
249	5	0.1	1	0 5
250	2	0.1	1	0 2
251	4	0.1	1	0 4
252	1	0.1	1	0 1
253	4	0.1	1	0 4
254	4	0.1	1	0 4
255	1	0.1	1	0 1
256	2	0.1	1	0 2
257	3	0.1	1	0 3
258	2	0.1	1	1 1
260	2	0.1	1	0 2
261	1	0.1	1	0 1
262	2	0.1	1	0 2
263	2	0.1	1	0 2
264	1	0.1	1	0 1
265	5	0.1	1	0 5
266	1	0.1	1	0 1
267	7	0.1	1	0 7
268	5	0.1	1	0 5
269	2	0.1	1	0 2
270	1	0.1	1	0 1
271	2	0.1	1	0 2
272	3	0.1	1	0 3
273	10	0.1	1	1 9
274	1	0.1	1	0 1
275	1	0.1	1	0 1
277	2	0.1	1	0 2
278	2	0.1	1	0 2
281	2	0.1	1	0 2
282	2	0.1	1	0 2
283	5	0.1	1	0 5
285	5	0.1	1	1 4
286	4	0.1	1	0 4
288	2	0.1	1	0 2
289	1	0.1	1	0 1
290	4	0.1	1	0 4
291	5	0.1	1	0 5
292	1	0.1	1	0 1
293	1	0.1	1	0 1
296	1	0.1	1	0 1
297	1	0.1	1	0 1
299	1	0.1	1	0 1
300	1	0.1	1	0 1

RUN STATISTICS FOR INPUT FILE: 11Lt.300.R1.fastq
=============================================
4066964 sequences processed in total

