
SUMMARISING RUN PARAMETERS
==========================
Input filename: 11Lt.300.R2.fastq
Trimming mode: paired-end
Trim Galore version: 0.6.4
Cutadapt version: 2.4
Number of cores used for trimming: 1
Quality Phred score cutoff: 20
Quality encoding type selected: ASCII+33
Adapter sequence: 'AGATCGGAAGAGC' (Illumina TruSeq, Sanger iPCR; user defined)
Maximum trimming error rate: 0.1 (default)
Minimum required adapter overlap (stringency): 1 bp
Minimum required sequence length for both reads before a sequence pair gets removed: 20 bp
Length cut-off for read 1: 35 bp (default)
Length cut-off for read 2: 35 bp (default)
Running FastQC on the data once trimming has completed


This is cutadapt 2.4 with Python 3.7.3
Command line parameters: -j 1 -e 0.1 -q 20 -O 1 -a AGATCGGAAGAGC 11Lt.300.R2.fastq
Processing reads on 1 core in single-end mode ...
Finished in 69.71 s (17 us/read; 3.50 M reads/minute).

=== Summary ===

Total reads processed:               4,066,964
Reads with adapters:                 1,319,374 (32.4%)
Reads written (passing filters):     4,066,964 (100.0%)

Total basepairs processed: 1,017,597,220 bp
Quality-trimmed:             143,606,094 bp (14.1%)
Total written (filtered):    872,091,941 bp (85.7%)

=== Adapter 1 ===

Sequence: AGATCGGAAGAGC; Type: regular 3'; Length: 13; Trimmed: 1319374 times.

No. of allowed errors:
0-9 bp: 0; 10-13 bp: 1

Bases preceding removed adapters:
  A: 36.4%
  C: 25.3%
  G: 18.9%
  T: 19.4%
  none/other: 0.0%

Overview of removed sequences
length	count	expect	max.err	error counts
1	964358	1016741.0	0	964358
2	263886	254185.2	0	263886
3	65468	63546.3	0	65468
4	19600	15886.6	0	19600
5	4369	3971.6	0	4369
6	379	992.9	0	379
7	100	248.2	0	100
8	19	62.1	0	19
9	101	15.5	0	4 97
10	200	3.9	1	6 194
11	52	1.0	1	1 51
12	7	0.2	1	0 7
13	5	0.1	1	0 5
14	5	0.1	1	0 5
15	5	0.1	1	0 5
16	1	0.1	1	0 1
17	3	0.1	1	0 3
18	2	0.1	1	0 2
19	2	0.1	1	0 2
20	5	0.1	1	0 5
22	6	0.1	1	0 6
23	4	0.1	1	0 4
24	6	0.1	1	0 6
25	7	0.1	1	0 7
26	6	0.1	1	0 6
27	4	0.1	1	0 4
28	1	0.1	1	0 1
29	3	0.1	1	0 3
30	3	0.1	1	0 3
31	5	0.1	1	0 5
32	2	0.1	1	0 2
33	2	0.1	1	0 2
34	4	0.1	1	0 4
35	4	0.1	1	0 4
36	4	0.1	1	2 2
37	3	0.1	1	0 3
38	2	0.1	1	0 2
39	3	0.1	1	0 3
40	3	0.1	1	0 3
41	6	0.1	1	1 5
42	1	0.1	1	0 1
43	1	0.1	1	0 1
44	5	0.1	1	0 5
45	4	0.1	1	0 4
46	6	0.1	1	0 6
47	2	0.1	1	0 2
48	3	0.1	1	0 3
49	6	0.1	1	0 6
50	6	0.1	1	0 6
51	8	0.1	1	0 8
52	4	0.1	1	0 4
53	8	0.1	1	0 8
54	4	0.1	1	0 4
55	3	0.1	1	1 2
56	1	0.1	1	0 1
57	3	0.1	1	0 3
58	2	0.1	1	0 2
59	2	0.1	1	0 2
60	4	0.1	1	0 4
61	3	0.1	1	1 2
62	9	0.1	1	1 8
63	6	0.1	1	0 6
64	4	0.1	1	0 4
65	4	0.1	1	0 4
66	5	0.1	1	0 5
67	1	0.1	1	0 1
68	4	0.1	1	0 4
69	6	0.1	1	0 6
70	2	0.1	1	0 2
71	9	0.1	1	2 7
72	1	0.1	1	0 1
73	3	0.1	1	0 3
74	5	0.1	1	0 5
75	8	0.1	1	0 8
76	7	0.1	1	0 7
77	1	0.1	1	0 1
78	4	0.1	1	0 4
79	2	0.1	1	0 2
80	6	0.1	1	0 6
81	2	0.1	1	0 2
82	1	0.1	1	0 1
83	2	0.1	1	0 2
84	5	0.1	1	0 5
85	4	0.1	1	0 4
86	5	0.1	1	1 4
87	2	0.1	1	0 2
88	5	0.1	1	0 5
89	3	0.1	1	1 2
90	3	0.1	1	1 2
91	4	0.1	1	0 4
92	3	0.1	1	0 3
93	9	0.1	1	1 8
94	8	0.1	1	0 8
95	1	0.1	1	0 1
96	5	0.1	1	0 5
97	5	0.1	1	0 5
98	6	0.1	1	1 5
99	3	0.1	1	0 3
100	3	0.1	1	0 3
101	2	0.1	1	0 2
102	2	0.1	1	0 2
103	6	0.1	1	0 6
104	3	0.1	1	0 3
105	5	0.1	1	0 5
106	5	0.1	1	0 5
107	7	0.1	1	0 7
108	2	0.1	1	0 2
109	3	0.1	1	0 3
110	3	0.1	1	0 3
111	5	0.1	1	0 5
112	6	0.1	1	0 6
113	2	0.1	1	0 2
114	6	0.1	1	0 6
115	3	0.1	1	0 3
116	2	0.1	1	1 1
117	2	0.1	1	0 2
118	3	0.1	1	0 3
119	3	0.1	1	0 3
120	2	0.1	1	0 2
121	6	0.1	1	1 5
122	1	0.1	1	0 1
123	2	0.1	1	0 2
124	6	0.1	1	0 6
125	5	0.1	1	0 5
126	6	0.1	1	0 6
127	5	0.1	1	0 5
128	2	0.1	1	0 2
129	4	0.1	1	0 4
130	4	0.1	1	0 4
132	6	0.1	1	0 6
133	3	0.1	1	0 3
134	5	0.1	1	0 5
135	8	0.1	1	1 7
136	4	0.1	1	0 4
137	4	0.1	1	0 4
138	1	0.1	1	0 1
139	4	0.1	1	0 4
140	3	0.1	1	0 3
141	2	0.1	1	0 2
142	6	0.1	1	0 6
143	5	0.1	1	0 5
144	5	0.1	1	0 5
145	4	0.1	1	0 4
146	4	0.1	1	0 4
147	5	0.1	1	0 5
148	6	0.1	1	0 6
149	4	0.1	1	1 3
150	8	0.1	1	1 7
151	7	0.1	1	0 7
152	2	0.1	1	0 2
153	2	0.1	1	0 2
154	3	0.1	1	0 3
155	1	0.1	1	0 1
156	3	0.1	1	0 3
157	2	0.1	1	0 2
158	1	0.1	1	0 1
159	3	0.1	1	0 3
160	6	0.1	1	0 6
161	6	0.1	1	0 6
162	3	0.1	1	0 3
163	2	0.1	1	0 2
164	6	0.1	1	0 6
166	5	0.1	1	0 5
167	5	0.1	1	0 5
168	5	0.1	1	0 5
169	7	0.1	1	1 6
170	3	0.1	1	0 3
171	1	0.1	1	0 1
172	4	0.1	1	0 4
174	3	0.1	1	0 3
175	4	0.1	1	0 4
176	1	0.1	1	0 1
177	2	0.1	1	0 2
178	3	0.1	1	0 3
179	3	0.1	1	0 3
180	4	0.1	1	0 4
181	2	0.1	1	0 2
182	5	0.1	1	0 5
183	2	0.1	1	0 2
184	1	0.1	1	0 1
185	2	0.1	1	0 2
186	4	0.1	1	0 4
187	2	0.1	1	0 2
188	3	0.1	1	0 3
189	3	0.1	1	0 3
190	4	0.1	1	0 4
191	1	0.1	1	0 1
193	3	0.1	1	0 3
194	3	0.1	1	0 3
195	4	0.1	1	0 4
196	3	0.1	1	0 3
197	1	0.1	1	0 1
198	6	0.1	1	0 6
199	3	0.1	1	0 3
200	2	0.1	1	0 2
201	4	0.1	1	1 3
202	3	0.1	1	0 3
203	1	0.1	1	0 1
204	8	0.1	1	0 8
205	3	0.1	1	0 3
206	3	0.1	1	0 3
207	3	0.1	1	0 3
208	1	0.1	1	0 1
209	4	0.1	1	0 4
210	3	0.1	1	0 3
211	2	0.1	1	0 2
212	3	0.1	1	0 3
213	7	0.1	1	0 7
214	5	0.1	1	0 5
215	1	0.1	1	0 1
216	3	0.1	1	0 3
217	1	0.1	1	0 1
219	2	0.1	1	0 2
220	2	0.1	1	1 1
221	1	0.1	1	0 1
222	2	0.1	1	0 2
223	3	0.1	1	0 3
224	1	0.1	1	0 1
225	1	0.1	1	0 1
226	3	0.1	1	0 3
229	2	0.1	1	0 2
237	4	0.1	1	1 3
238	4	0.1	1	0 4
239	1	0.1	1	0 1
240	1	0.1	1	0 1
241	1	0.1	1	0 1
242	1	0.1	1	0 1
244	2	0.1	1	0 2
245	2	0.1	1	1 1
246	3	0.1	1	0 3
248	1	0.1	1	0 1
249	4	0.1	1	0 4
250	1	0.1	1	0 1
251	3	0.1	1	0 3
252	1	0.1	1	0 1
253	1	0.1	1	0 1
254	2	0.1	1	0 2
255	1	0.1	1	0 1
256	3	0.1	1	0 3
257	2	0.1	1	0 2
259	1	0.1	1	0 1
261	1	0.1	1	0 1
263	2	0.1	1	0 2
265	1	0.1	1	0 1
266	1	0.1	1	0 1
268	1	0.1	1	0 1
269	1	0.1	1	0 1
270	1	0.1	1	0 1
275	1	0.1	1	0 1
277	1	0.1	1	0 1
278	1	0.1	1	0 1
280	2	0.1	1	0 2
283	1	0.1	1	0 1
285	1	0.1	1	0 1
289	1	0.1	1	0 1
292	1	0.1	1	0 1
293	1	0.1	1	0 1
294	1	0.1	1	0 1
296	2	0.1	1	0 2
297	2	0.1	1	0 2
298	1	0.1	1	0 1
299	1	0.1	1	0 1

RUN STATISTICS FOR INPUT FILE: 11Lt.300.R2.fastq
=============================================
4066964 sequences processed in total

Total number of sequences analysed for the sequence pair length validation: 4066964

Number of sequence pairs removed because at least one read was shorter than the length cutoff (20 bp): 21476 (0.53%)
