
SUMMARISING RUN PARAMETERS
==========================
Input filename: 36Lt.300.R1.fastq
Trimming mode: paired-end
Trim Galore version: 0.6.4
Cutadapt version: 2.4
Number of cores used for trimming: 1
Quality Phred score cutoff: 20
Quality encoding type selected: ASCII+33
Adapter sequence: 'AGATCGGAAGAGC' (Illumina TruSeq, Sanger iPCR; user defined)
Maximum trimming error rate: 0.1 (default)
Minimum required adapter overlap (stringency): 1 bp
Minimum required sequence length for both reads before a sequence pair gets removed: 20 bp
Length cut-off for read 1: 35 bp (default)
Length cut-off for read 2: 35 bp (default)
Running FastQC on the data once trimming has completed


This is cutadapt 2.4 with Python 3.7.3
Command line parameters: -j 1 -e 0.1 -q 20 -O 1 -a AGATCGGAAGAGC 36Lt.300.R1.fastq
Processing reads on 1 core in single-end mode ...
Finished in 118.72 s (15 us/read; 4.03 M reads/minute).

=== Summary ===

Total reads processed:               7,981,238
Reads with adapters:                 2,157,945 (27.0%)
Reads written (passing filters):     7,981,238 (100.0%)

Total basepairs processed: 1,622,029,112 bp
Quality-trimmed:              41,989,855 bp (2.6%)
Total written (filtered):  1,576,595,078 bp (97.2%)

=== Adapter 1 ===

Sequence: AGATCGGAAGAGC; Type: regular 3'; Length: 13; Trimmed: 2157945 times.

No. of allowed errors:
0-9 bp: 0; 10-13 bp: 1

Bases preceding removed adapters:
  A: 35.6%
  C: 22.7%
  G: 22.0%
  T: 19.7%
  none/other: 0.0%

Overview of removed sequences
length	count	expect	max.err	error counts
1	1347012	1995309.5	0	1347012
2	630016	498827.4	0	630016
3	111065	124706.8	0	111065
4	53719	31176.7	0	53719
5	12704	7794.2	0	12704
6	634	1948.5	0	634
7	130	487.1	0	130
8	28	121.8	0	28
9	254	30.4	0	11 243
10	569	7.6	1	7 562
11	126	1.9	1	1 125
12	24	0.5	1	0 24
13	11	0.1	1	0 11
14	14	0.1	1	1 13
15	10	0.1	1	0 10
16	6	0.1	1	0 6
17	2	0.1	1	0 2
18	6	0.1	1	0 6
19	19	0.1	1	1 18
20	5	0.1	1	0 5
21	7	0.1	1	0 7
22	11	0.1	1	0 11
23	10	0.1	1	0 10
24	9	0.1	1	0 9
25	9	0.1	1	0 9
26	13	0.1	1	0 13
27	8	0.1	1	0 8
28	7	0.1	1	0 7
29	9	0.1	1	0 9
30	6	0.1	1	0 6
31	13	0.1	1	0 13
32	12	0.1	1	0 12
33	7	0.1	1	3 4
34	10	0.1	1	0 10
35	8	0.1	1	1 7
36	9	0.1	1	0 9
37	11	0.1	1	0 11
38	8	0.1	1	1 7
39	6	0.1	1	1 5
40	11	0.1	1	0 11
41	10	0.1	1	1 9
42	10	0.1	1	0 10
43	6	0.1	1	0 6
44	6	0.1	1	0 6
45	6	0.1	1	0 6
46	7	0.1	1	0 7
47	7	0.1	1	0 7
48	12	0.1	1	3 9
49	9	0.1	1	0 9
50	11	0.1	1	0 11
51	8	0.1	1	0 8
52	5	0.1	1	0 5
53	7	0.1	1	0 7
54	14	0.1	1	0 14
55	10	0.1	1	0 10
56	6	0.1	1	0 6
57	9	0.1	1	0 9
58	6	0.1	1	0 6
59	5	0.1	1	0 5
60	13	0.1	1	0 13
61	8	0.1	1	0 8
62	13	0.1	1	0 13
63	2	0.1	1	0 2
64	7	0.1	1	1 6
65	7	0.1	1	0 7
66	11	0.1	1	0 11
67	3	0.1	1	0 3
68	9	0.1	1	0 9
69	9	0.1	1	1 8
70	10	0.1	1	0 10
71	8	0.1	1	0 8
72	12	0.1	1	0 12
73	8	0.1	1	0 8
74	7	0.1	1	0 7
75	6	0.1	1	0 6
76	6	0.1	1	0 6
77	15	0.1	1	1 14
78	4	0.1	1	0 4
79	10	0.1	1	1 9
80	11	0.1	1	0 11
81	5	0.1	1	0 5
82	6	0.1	1	0 6
83	12	0.1	1	0 12
84	11	0.1	1	3 8
85	7	0.1	1	0 7
86	12	0.1	1	0 12
87	5	0.1	1	0 5
88	4	0.1	1	0 4
89	3	0.1	1	0 3
90	2	0.1	1	0 2
91	6	0.1	1	0 6
92	10	0.1	1	1 9
93	5	0.1	1	0 5
94	7	0.1	1	1 6
95	4	0.1	1	0 4
96	10	0.1	1	0 10
97	4	0.1	1	0 4
98	8	0.1	1	0 8
99	4	0.1	1	0 4
100	7	0.1	1	0 7
101	5	0.1	1	0 5
102	6	0.1	1	0 6
103	4	0.1	1	0 4
104	6	0.1	1	1 5
105	4	0.1	1	0 4
106	10	0.1	1	0 10
107	5	0.1	1	0 5
108	10	0.1	1	0 10
109	6	0.1	1	0 6
110	4	0.1	1	0 4
111	5	0.1	1	0 5
112	14	0.1	1	0 14
113	8	0.1	1	0 8
114	6	0.1	1	0 6
115	4	0.1	1	0 4
116	5	0.1	1	1 4
117	6	0.1	1	0 6
118	6	0.1	1	0 6
119	12	0.1	1	0 12
120	9	0.1	1	1 8
121	5	0.1	1	0 5
122	6	0.1	1	0 6
123	6	0.1	1	1 5
124	4	0.1	1	0 4
125	8	0.1	1	0 8
126	8	0.1	1	0 8
127	9	0.1	1	0 9
128	3	0.1	1	0 3
129	6	0.1	1	0 6
130	7	0.1	1	0 7
131	7	0.1	1	0 7
132	2	0.1	1	0 2
133	7	0.1	1	0 7
134	3	0.1	1	0 3
135	9	0.1	1	0 9
136	5	0.1	1	0 5
137	4	0.1	1	0 4
138	7	0.1	1	0 7
139	3	0.1	1	0 3
140	7	0.1	1	0 7
141	4	0.1	1	0 4
142	5	0.1	1	0 5
143	12	0.1	1	0 12
144	9	0.1	1	1 8
145	7	0.1	1	0 7
146	7	0.1	1	0 7
147	4	0.1	1	0 4
148	11	0.1	1	0 11
149	8	0.1	1	0 8
150	2	0.1	1	1 1
151	6	0.1	1	0 6
152	5	0.1	1	0 5
153	4	0.1	1	0 4
154	5	0.1	1	0 5
155	4	0.1	1	0 4
156	3	0.1	1	0 3
157	10	0.1	1	1 9
158	7	0.1	1	1 6
159	10	0.1	1	0 10
160	8	0.1	1	0 8
161	5	0.1	1	0 5
162	2	0.1	1	0 2
163	11	0.1	1	0 11
164	5	0.1	1	0 5
165	11	0.1	1	1 10
166	9	0.1	1	2 7
167	4	0.1	1	0 4
168	3	0.1	1	0 3
169	3	0.1	1	0 3
170	7	0.1	1	0 7
171	5	0.1	1	1 4
172	5	0.1	1	0 5
173	3	0.1	1	0 3
174	9	0.1	1	0 9
175	4	0.1	1	0 4
176	1	0.1	1	0 1
177	4	0.1	1	0 4
178	4	0.1	1	0 4
179	4	0.1	1	0 4
180	4	0.1	1	0 4
181	5	0.1	1	0 5
182	2	0.1	1	1 1
183	4	0.1	1	0 4
184	7	0.1	1	0 7
185	10	0.1	1	1 9
186	8	0.1	1	0 8
187	4	0.1	1	0 4
188	5	0.1	1	0 5
189	3	0.1	1	0 3
190	4	0.1	1	0 4
191	6	0.1	1	0 6
192	4	0.1	1	0 4
193	11	0.1	1	0 11
194	9	0.1	1	0 9
195	7	0.1	1	0 7
196	5	0.1	1	0 5
197	2	0.1	1	0 2
198	2	0.1	1	0 2
199	5	0.1	1	0 5
200	6	0.1	1	0 6
201	7	0.1	1	0 7
202	6	0.1	1	0 6
203	4	0.1	1	0 4
204	7	0.1	1	0 7
206	5	0.1	1	0 5
207	5	0.1	1	0 5
208	5	0.1	1	0 5
209	3	0.1	1	0 3
210	6	0.1	1	0 6
211	2	0.1	1	0 2
212	5	0.1	1	0 5
213	5	0.1	1	0 5
214	6	0.1	1	1 5
215	3	0.1	1	0 3
216	6	0.1	1	1 5
217	3	0.1	1	0 3
218	3	0.1	1	0 3
219	6	0.1	1	0 6
220	5	0.1	1	0 5
221	7	0.1	1	0 7
222	4	0.1	1	0 4
223	5	0.1	1	0 5
224	3	0.1	1	0 3
225	5	0.1	1	0 5
226	7	0.1	1	0 7
227	4	0.1	1	0 4
228	3	0.1	1	0 3
229	5	0.1	1	0 5
230	1	0.1	1	0 1
231	6	0.1	1	0 6
232	4	0.1	1	0 4
233	3	0.1	1	0 3
234	5	0.1	1	0 5
235	2	0.1	1	0 2
236	6	0.1	1	0 6
237	4	0.1	1	0 4
238	8	0.1	1	0 8
239	3	0.1	1	0 3
242	3	0.1	1	0 3
243	4	0.1	1	1 3
244	2	0.1	1	0 2
245	2	0.1	1	0 2
246	1	0.1	1	0 1
247	5	0.1	1	0 5
248	3	0.1	1	0 3
249	2	0.1	1	0 2
250	2	0.1	1	0 2
251	3	0.1	1	0 3
252	7	0.1	1	0 7
253	4	0.1	1	0 4
254	9	0.1	1	1 8
255	6	0.1	1	0 6
256	5	0.1	1	0 5
257	5	0.1	1	0 5
258	5	0.1	1	0 5
259	5	0.1	1	0 5
260	3	0.1	1	0 3
261	7	0.1	1	0 7
262	3	0.1	1	0 3
263	8	0.1	1	0 8
264	4	0.1	1	0 4
266	3	0.1	1	0 3
267	4	0.1	1	0 4
268	3	0.1	1	0 3
269	2	0.1	1	0 2
270	5	0.1	1	1 4
271	8	0.1	1	0 8
272	2	0.1	1	0 2
273	1	0.1	1	0 1
274	3	0.1	1	0 3
275	6	0.1	1	1 5
276	2	0.1	1	0 2
277	9	0.1	1	0 9
278	1	0.1	1	0 1
279	1	0.1	1	0 1
280	2	0.1	1	1 1
281	1	0.1	1	0 1
282	2	0.1	1	0 2
283	2	0.1	1	0 2
284	2	0.1	1	0 2
285	1	0.1	1	0 1
286	1	0.1	1	0 1
287	2	0.1	1	0 2
288	1	0.1	1	0 1
289	3	0.1	1	0 3
291	2	0.1	1	0 2
293	2	0.1	1	0 2
294	1	0.1	1	0 1
296	1	0.1	1	0 1

RUN STATISTICS FOR INPUT FILE: 36Lt.300.R1.fastq
=============================================
7981238 sequences processed in total

