
SUMMARISING RUN PARAMETERS
==========================
Input filename: 36Lt.300.R2.fastq
Trimming mode: paired-end
Trim Galore version: 0.6.4
Cutadapt version: 2.4
Number of cores used for trimming: 1
Quality Phred score cutoff: 20
Quality encoding type selected: ASCII+33
Adapter sequence: 'AGATCGGAAGAGC' (Illumina TruSeq, Sanger iPCR; user defined)
Maximum trimming error rate: 0.1 (default)
Minimum required adapter overlap (stringency): 1 bp
Minimum required sequence length for both reads before a sequence pair gets removed: 20 bp
Length cut-off for read 1: 35 bp (default)
Length cut-off for read 2: 35 bp (default)
Running FastQC on the data once trimming has completed


This is cutadapt 2.4 with Python 3.7.3
Command line parameters: -j 1 -e 0.1 -q 20 -O 1 -a AGATCGGAAGAGC 36Lt.300.R2.fastq
Processing reads on 1 core in single-end mode ...
Finished in 117.53 s (15 us/read; 4.07 M reads/minute).

=== Summary ===

Total reads processed:               7,981,238
Reads with adapters:                 2,296,095 (28.8%)
Reads written (passing filters):     7,981,238 (100.0%)

Total basepairs processed: 1,636,795,522 bp
Quality-trimmed:             178,801,344 bp (10.9%)
Total written (filtered):  1,454,503,704 bp (88.9%)

=== Adapter 1 ===

Sequence: AGATCGGAAGAGC; Type: regular 3'; Length: 13; Trimmed: 2296095 times.

No. of allowed errors:
0-9 bp: 0; 10-13 bp: 1

Bases preceding removed adapters:
  A: 35.8%
  C: 23.0%
  G: 20.6%
  T: 20.6%
  none/other: 0.0%

Overview of removed sequences
length	count	expect	max.err	error counts
1	1528401	1995309.5	0	1528401
2	588582	498827.4	0	588582
3	115914	124706.8	0	115914
4	48586	31176.7	0	48586
5	11559	7794.2	0	11559
6	571	1948.5	0	571
7	121	487.1	0	121
8	30	121.8	0	30
9	242	30.4	0	12 230
10	465	7.6	1	14 451
11	112	1.9	1	1 111
12	24	0.5	1	0 24
13	6	0.1	1	0 6
14	7	0.1	1	1 6
15	5	0.1	1	0 5
16	7	0.1	1	0 7
17	6	0.1	1	1 5
18	5	0.1	1	0 5
19	11	0.1	1	1 10
20	8	0.1	1	0 8
21	6	0.1	1	0 6
22	6	0.1	1	0 6
23	6	0.1	1	0 6
24	15	0.1	1	0 15
25	6	0.1	1	1 5
26	10	0.1	1	0 10
27	10	0.1	1	0 10
28	11	0.1	1	0 11
29	10	0.1	1	0 10
30	12	0.1	1	2 10
31	6	0.1	1	0 6
32	8	0.1	1	0 8
33	8	0.1	1	0 8
34	10	0.1	1	1 9
35	7	0.1	1	0 7
36	5	0.1	1	0 5
37	7	0.1	1	0 7
38	10	0.1	1	0 10
39	10	0.1	1	0 10
40	7	0.1	1	0 7
41	8	0.1	1	0 8
42	9	0.1	1	0 9
43	9	0.1	1	0 9
44	9	0.1	1	0 9
45	10	0.1	1	1 9
46	12	0.1	1	0 12
47	9	0.1	1	4 5
48	7	0.1	1	1 6
49	2	0.1	1	0 2
50	6	0.1	1	0 6
51	10	0.1	1	0 10
52	4	0.1	1	0 4
53	6	0.1	1	0 6
54	10	0.1	1	0 10
55	8	0.1	1	0 8
56	5	0.1	1	1 4
57	12	0.1	1	0 12
58	10	0.1	1	0 10
59	9	0.1	1	0 9
60	12	0.1	1	0 12
61	3	0.1	1	0 3
62	7	0.1	1	0 7
63	5	0.1	1	0 5
64	8	0.1	1	0 8
65	8	0.1	1	0 8
66	7	0.1	1	0 7
67	11	0.1	1	0 11
68	7	0.1	1	0 7
69	11	0.1	1	1 10
70	13	0.1	1	0 13
71	7	0.1	1	0 7
72	6	0.1	1	0 6
73	8	0.1	1	0 8
74	9	0.1	1	0 9
75	9	0.1	1	0 9
76	5	0.1	1	0 5
77	5	0.1	1	0 5
78	9	0.1	1	0 9
79	5	0.1	1	0 5
80	5	0.1	1	0 5
81	7	0.1	1	0 7
82	8	0.1	1	0 8
83	11	0.1	1	0 11
84	13	0.1	1	1 12
85	11	0.1	1	1 10
86	6	0.1	1	0 6
87	10	0.1	1	0 10
88	7	0.1	1	0 7
89	5	0.1	1	0 5
90	7	0.1	1	1 6
91	11	0.1	1	0 11
92	6	0.1	1	0 6
93	8	0.1	1	0 8
94	11	0.1	1	0 11
95	7	0.1	1	0 7
96	8	0.1	1	0 8
97	6	0.1	1	0 6
98	12	0.1	1	0 12
99	6	0.1	1	1 5
100	4	0.1	1	0 4
101	7	0.1	1	0 7
102	8	0.1	1	0 8
103	6	0.1	1	0 6
104	10	0.1	1	0 10
105	4	0.1	1	0 4
106	4	0.1	1	0 4
107	16	0.1	1	0 16
108	8	0.1	1	0 8
109	2	0.1	1	0 2
110	9	0.1	1	0 9
111	5	0.1	1	0 5
112	9	0.1	1	0 9
113	13	0.1	1	0 13
114	5	0.1	1	0 5
115	11	0.1	1	0 11
116	8	0.1	1	0 8
117	5	0.1	1	0 5
118	8	0.1	1	0 8
119	4	0.1	1	0 4
120	7	0.1	1	0 7
121	5	0.1	1	0 5
122	9	0.1	1	0 9
123	2	0.1	1	0 2
124	5	0.1	1	0 5
125	6	0.1	1	0 6
126	4	0.1	1	0 4
127	13	0.1	1	0 13
128	4	0.1	1	0 4
129	5	0.1	1	0 5
130	7	0.1	1	0 7
131	4	0.1	1	0 4
132	6	0.1	1	0 6
133	5	0.1	1	0 5
134	2	0.1	1	0 2
135	5	0.1	1	0 5
136	6	0.1	1	0 6
137	7	0.1	1	0 7
138	6	0.1	1	0 6
139	4	0.1	1	0 4
140	4	0.1	1	0 4
141	8	0.1	1	0 8
142	5	0.1	1	0 5
143	10	0.1	1	0 10
144	10	0.1	1	0 10
145	1	0.1	1	0 1
146	3	0.1	1	0 3
147	4	0.1	1	0 4
148	1	0.1	1	0 1
149	7	0.1	1	0 7
150	7	0.1	1	1 6
151	7	0.1	1	0 7
152	7	0.1	1	0 7
153	7	0.1	1	0 7
154	10	0.1	1	0 10
155	4	0.1	1	0 4
156	6	0.1	1	0 6
157	5	0.1	1	0 5
158	5	0.1	1	0 5
159	1	0.1	1	0 1
160	6	0.1	1	0 6
161	4	0.1	1	0 4
162	14	0.1	1	1 13
163	13	0.1	1	0 13
164	5	0.1	1	0 5
165	3	0.1	1	0 3
166	5	0.1	1	1 4
167	7	0.1	1	0 7
168	2	0.1	1	0 2
169	4	0.1	1	0 4
170	3	0.1	1	0 3
171	6	0.1	1	0 6
172	4	0.1	1	1 3
173	5	0.1	1	0 5
174	3	0.1	1	0 3
175	5	0.1	1	0 5
176	4	0.1	1	0 4
177	7	0.1	1	1 6
178	4	0.1	1	0 4
179	7	0.1	1	0 7
180	7	0.1	1	0 7
181	5	0.1	1	0 5
182	6	0.1	1	0 6
183	8	0.1	1	0 8
184	7	0.1	1	0 7
185	3	0.1	1	0 3
186	6	0.1	1	1 5
187	6	0.1	1	0 6
188	2	0.1	1	0 2
189	4	0.1	1	0 4
190	4	0.1	1	0 4
191	6	0.1	1	0 6
192	5	0.1	1	0 5
193	1	0.1	1	0 1
194	8	0.1	1	0 8
195	3	0.1	1	0 3
196	4	0.1	1	0 4
197	3	0.1	1	0 3
198	1	0.1	1	0 1
199	4	0.1	1	0 4
200	2	0.1	1	0 2
201	3	0.1	1	0 3
202	6	0.1	1	0 6
203	5	0.1	1	0 5
204	10	0.1	1	0 10
205	7	0.1	1	0 7
206	7	0.1	1	0 7
207	5	0.1	1	0 5
208	5	0.1	1	0 5
209	4	0.1	1	0 4
210	1	0.1	1	0 1
211	1	0.1	1	0 1
212	4	0.1	1	0 4
213	3	0.1	1	0 3
214	5	0.1	1	0 5
215	6	0.1	1	0 6
216	3	0.1	1	0 3
217	2	0.1	1	0 2
218	6	0.1	1	0 6
219	2	0.1	1	0 2
220	1	0.1	1	0 1
221	4	0.1	1	0 4
222	5	0.1	1	0 5
223	5	0.1	1	0 5
224	2	0.1	1	0 2
225	5	0.1	1	0 5
226	5	0.1	1	0 5
227	4	0.1	1	0 4
228	2	0.1	1	0 2
229	1	0.1	1	0 1
230	3	0.1	1	1 2
231	6	0.1	1	0 6
232	5	0.1	1	0 5
233	2	0.1	1	0 2
234	3	0.1	1	0 3
235	1	0.1	1	0 1
236	5	0.1	1	0 5
238	1	0.1	1	0 1
239	2	0.1	1	1 1
241	3	0.1	1	0 3
242	2	0.1	1	0 2
243	1	0.1	1	0 1
244	1	0.1	1	0 1
245	2	0.1	1	0 2
246	2	0.1	1	0 2
247	2	0.1	1	1 1
248	1	0.1	1	0 1
249	1	0.1	1	0 1
251	2	0.1	1	0 2
252	4	0.1	1	0 4
253	2	0.1	1	1 1
254	3	0.1	1	0 3
255	1	0.1	1	0 1
256	1	0.1	1	0 1
258	1	0.1	1	0 1
260	1	0.1	1	0 1
261	3	0.1	1	0 3
262	2	0.1	1	0 2
263	3	0.1	1	0 3
264	1	0.1	1	0 1
265	2	0.1	1	0 2
267	1	0.1	1	0 1
268	1	0.1	1	0 1
269	2	0.1	1	0 2
270	1	0.1	1	0 1
271	1	0.1	1	0 1
272	1	0.1	1	0 1
275	1	0.1	1	0 1
281	2	0.1	1	0 2
282	1	0.1	1	0 1
284	2	0.1	1	0 2
285	2	0.1	1	0 2
286	1	0.1	1	0 1
287	2	0.1	1	0 2
291	2	0.1	1	0 2
292	1	0.1	1	0 1
294	1	0.1	1	0 1
295	1	0.1	1	0 1
301	1	0.1	1	0 1

RUN STATISTICS FOR INPUT FILE: 36Lt.300.R2.fastq
=============================================
7981238 sequences processed in total

Total number of sequences analysed for the sequence pair length validation: 7981238

Number of sequence pairs removed because at least one read was shorter than the length cutoff (20 bp): 78895 (0.99%)
