
SUMMARISING RUN PARAMETERS
==========================
Input filename: 75Lt.300.R1.fastq
Trimming mode: paired-end
Trim Galore version: 0.6.4
Cutadapt version: 2.4
Number of cores used for trimming: 1
Quality Phred score cutoff: 20
Quality encoding type selected: ASCII+33
Adapter sequence: 'AGATCGGAAGAGC' (Illumina TruSeq, Sanger iPCR; user defined)
Maximum trimming error rate: 0.1 (default)
Minimum required adapter overlap (stringency): 1 bp
Minimum required sequence length for both reads before a sequence pair gets removed: 20 bp
Length cut-off for read 1: 35 bp (default)
Length cut-off for read 2: 35 bp (default)
Running FastQC on the data once trimming has completed


This is cutadapt 2.4 with Python 3.7.3
Command line parameters: -j 1 -e 0.1 -q 20 -O 1 -a AGATCGGAAGAGC 75Lt.300.R1.fastq
Processing reads on 1 core in single-end mode ...
Finished in 142.16 s (21 us/read; 2.87 M reads/minute).

=== Summary ===

Total reads processed:               6,797,912
Reads with adapters:                 1,863,971 (27.4%)
Reads written (passing filters):     6,797,912 (100.0%)

Total basepairs processed: 1,418,207,600 bp
Quality-trimmed:              38,265,836 bp (2.7%)
Total written (filtered):  1,376,992,685 bp (97.1%)

=== Adapter 1 ===

Sequence: AGATCGGAAGAGC; Type: regular 3'; Length: 13; Trimmed: 1863971 times.

No. of allowed errors:
0-9 bp: 0; 10-13 bp: 1

Bases preceding removed adapters:
  A: 35.4%
  C: 23.0%
  G: 21.9%
  T: 19.7%
  none/other: 0.0%

Overview of removed sequences
length	count	expect	max.err	error counts
1	1176148	1699478.0	0	1176148
2	534479	424869.5	0	534479
3	95255	106217.4	0	95255
4	44818	26554.3	0	44818
5	10396	6638.6	0	10396
6	522	1659.6	0	522
7	132	414.9	0	132
8	22	103.7	0	22
9	234	25.9	0	19 215
10	451	6.5	1	8 443
11	111	1.6	1	0 111
12	23	0.4	1	0 23
13	5	0.1	1	0 5
14	6	0.1	1	0 6
15	5	0.1	1	1 4
16	9	0.1	1	0 9
17	6	0.1	1	0 6
18	6	0.1	1	0 6
19	14	0.1	1	0 14
20	8	0.1	1	0 8
21	5	0.1	1	0 5
22	8	0.1	1	0 8
23	10	0.1	1	1 9
24	10	0.1	1	0 10
25	4	0.1	1	1 3
26	8	0.1	1	0 8
27	5	0.1	1	0 5
28	7	0.1	1	0 7
29	3	0.1	1	0 3
30	10	0.1	1	0 10
31	3	0.1	1	0 3
32	10	0.1	1	0 10
33	8	0.1	1	2 6
34	3	0.1	1	0 3
35	10	0.1	1	0 10
36	10	0.1	1	1 9
37	9	0.1	1	0 9
38	6	0.1	1	1 5
39	6	0.1	1	1 5
40	9	0.1	1	0 9
41	8	0.1	1	0 8
42	6	0.1	1	0 6
43	15	0.1	1	0 15
44	8	0.1	1	0 8
45	4	0.1	1	0 4
46	5	0.1	1	1 4
47	4	0.1	1	0 4
48	11	0.1	1	1 10
49	10	0.1	1	0 10
50	5	0.1	1	1 4
51	8	0.1	1	0 8
52	4	0.1	1	0 4
53	5	0.1	1	0 5
54	13	0.1	1	1 12
55	13	0.1	1	5 8
56	5	0.1	1	0 5
57	6	0.1	1	0 6
58	13	0.1	1	0 13
59	9	0.1	1	0 9
60	4	0.1	1	0 4
61	7	0.1	1	0 7
62	10	0.1	1	0 10
63	8	0.1	1	0 8
64	8	0.1	1	0 8
65	10	0.1	1	0 10
66	3	0.1	1	0 3
67	8	0.1	1	1 7
68	13	0.1	1	2 11
69	8	0.1	1	0 8
70	6	0.1	1	0 6
71	6	0.1	1	0 6
72	9	0.1	1	1 8
73	6	0.1	1	1 5
74	6	0.1	1	1 5
75	10	0.1	1	0 10
76	6	0.1	1	0 6
77	4	0.1	1	0 4
78	5	0.1	1	2 3
79	5	0.1	1	0 5
80	5	0.1	1	1 4
81	8	0.1	1	0 8
82	2	0.1	1	0 2
83	5	0.1	1	0 5
84	5	0.1	1	0 5
85	5	0.1	1	0 5
86	4	0.1	1	1 3
87	5	0.1	1	0 5
88	7	0.1	1	0 7
89	9	0.1	1	0 9
90	5	0.1	1	0 5
91	4	0.1	1	0 4
92	4	0.1	1	0 4
93	1	0.1	1	0 1
94	5	0.1	1	0 5
95	1	0.1	1	0 1
96	5	0.1	1	0 5
97	3	0.1	1	0 3
98	12	0.1	1	1 11
99	6	0.1	1	1 5
100	5	0.1	1	0 5
101	9	0.1	1	1 8
102	4	0.1	1	0 4
103	4	0.1	1	1 3
104	9	0.1	1	0 9
105	6	0.1	1	0 6
106	3	0.1	1	1 2
107	6	0.1	1	0 6
108	5	0.1	1	0 5
109	5	0.1	1	1 4
110	2	0.1	1	0 2
111	6	0.1	1	1 5
112	7	0.1	1	1 6
113	3	0.1	1	0 3
114	2	0.1	1	0 2
115	5	0.1	1	0 5
116	7	0.1	1	0 7
117	5	0.1	1	0 5
118	4	0.1	1	0 4
119	4	0.1	1	0 4
120	7	0.1	1	0 7
121	6	0.1	1	0 6
122	7	0.1	1	0 7
123	6	0.1	1	0 6
124	11	0.1	1	0 11
125	6	0.1	1	1 5
126	6	0.1	1	0 6
127	3	0.1	1	0 3
128	8	0.1	1	1 7
129	3	0.1	1	0 3
130	3	0.1	1	0 3
131	2	0.1	1	0 2
132	8	0.1	1	0 8
133	9	0.1	1	0 9
134	3	0.1	1	0 3
135	3	0.1	1	0 3
136	5	0.1	1	0 5
137	7	0.1	1	0 7
138	6	0.1	1	0 6
139	6	0.1	1	0 6
140	5	0.1	1	1 4
141	3	0.1	1	0 3
142	1	0.1	1	0 1
143	6	0.1	1	0 6
144	3	0.1	1	0 3
145	2	0.1	1	0 2
146	4	0.1	1	0 4
147	9	0.1	1	0 9
148	3	0.1	1	0 3
149	4	0.1	1	0 4
150	3	0.1	1	0 3
151	3	0.1	1	0 3
152	5	0.1	1	0 5
153	6	0.1	1	1 5
154	5	0.1	1	0 5
155	7	0.1	1	0 7
156	6	0.1	1	0 6
157	5	0.1	1	0 5
158	6	0.1	1	0 6
159	6	0.1	1	0 6
160	6	0.1	1	0 6
161	3	0.1	1	0 3
162	4	0.1	1	0 4
163	8	0.1	1	0 8
164	2	0.1	1	0 2
165	5	0.1	1	0 5
166	7	0.1	1	0 7
167	5	0.1	1	0 5
168	3	0.1	1	0 3
169	6	0.1	1	0 6
170	1	0.1	1	0 1
171	6	0.1	1	0 6
172	1	0.1	1	0 1
173	5	0.1	1	0 5
174	4	0.1	1	0 4
175	6	0.1	1	0 6
176	5	0.1	1	0 5
177	4	0.1	1	1 3
178	8	0.1	1	0 8
179	5	0.1	1	0 5
180	3	0.1	1	0 3
181	4	0.1	1	0 4
182	7	0.1	1	0 7
183	2	0.1	1	1 1
184	4	0.1	1	0 4
185	4	0.1	1	0 4
186	2	0.1	1	0 2
187	5	0.1	1	0 5
188	2	0.1	1	0 2
189	3	0.1	1	0 3
190	5	0.1	1	0 5
191	5	0.1	1	1 4
192	1	0.1	1	0 1
193	9	0.1	1	0 9
194	2	0.1	1	0 2
195	5	0.1	1	0 5
196	4	0.1	1	0 4
197	2	0.1	1	0 2
198	1	0.1	1	0 1
199	1	0.1	1	0 1
200	3	0.1	1	0 3
201	5	0.1	1	2 3
202	10	0.1	1	2 8
203	4	0.1	1	1 3
204	4	0.1	1	0 4
205	5	0.1	1	0 5
206	5	0.1	1	0 5
207	5	0.1	1	0 5
208	9	0.1	1	1 8
209	3	0.1	1	0 3
210	6	0.1	1	0 6
211	6	0.1	1	0 6
212	4	0.1	1	0 4
213	4	0.1	1	0 4
214	6	0.1	1	0 6
215	4	0.1	1	0 4
216	4	0.1	1	0 4
217	4	0.1	1	0 4
218	2	0.1	1	1 1
219	5	0.1	1	0 5
220	3	0.1	1	0 3
221	9	0.1	1	1 8
222	3	0.1	1	0 3
223	1	0.1	1	0 1
224	1	0.1	1	0 1
225	5	0.1	1	0 5
226	6	0.1	1	0 6
227	5	0.1	1	0 5
228	2	0.1	1	0 2
229	4	0.1	1	0 4
230	4	0.1	1	0 4
231	5	0.1	1	0 5
232	6	0.1	1	0 6
233	3	0.1	1	0 3
234	3	0.1	1	0 3
235	1	0.1	1	0 1
236	4	0.1	1	0 4
237	4	0.1	1	0 4
238	2	0.1	1	0 2
239	4	0.1	1	0 4
240	6	0.1	1	0 6
241	4	0.1	1	0 4
242	3	0.1	1	1 2
243	4	0.1	1	0 4
244	4	0.1	1	0 4
245	2	0.1	1	0 2
246	1	0.1	1	0 1
247	1	0.1	1	0 1
248	2	0.1	1	0 2
249	1	0.1	1	0 1
250	3	0.1	1	0 3
251	3	0.1	1	0 3
252	3	0.1	1	1 2
253	1	0.1	1	0 1
254	4	0.1	1	1 3
255	2	0.1	1	0 2
257	3	0.1	1	0 3
258	1	0.1	1	0 1
259	1	0.1	1	0 1
260	4	0.1	1	0 4
261	4	0.1	1	0 4
262	2	0.1	1	0 2
263	4	0.1	1	0 4
264	2	0.1	1	0 2
265	6	0.1	1	2 4
266	3	0.1	1	0 3
267	1	0.1	1	0 1
268	6	0.1	1	0 6
269	4	0.1	1	0 4
272	4	0.1	1	1 3
273	4	0.1	1	0 4
274	3	0.1	1	0 3
275	1	0.1	1	0 1
277	2	0.1	1	0 2
278	9	0.1	1	1 8
279	3	0.1	1	0 3
280	2	0.1	1	0 2
281	2	0.1	1	0 2
282	2	0.1	1	0 2
284	2	0.1	1	0 2
285	1	0.1	1	0 1
286	2	0.1	1	0 2
287	3	0.1	1	0 3
289	3	0.1	1	1 2
290	1	0.1	1	0 1
291	4	0.1	1	0 4
292	1	0.1	1	0 1
293	1	0.1	1	0 1
300	1	0.1	1	0 1

RUN STATISTICS FOR INPUT FILE: 75Lt.300.R1.fastq
=============================================
6797912 sequences processed in total

