
SUMMARISING RUN PARAMETERS
==========================
Input filename: 75Lt.300.R2.fastq
Trimming mode: paired-end
Trim Galore version: 0.6.4
Cutadapt version: 2.4
Number of cores used for trimming: 1
Quality Phred score cutoff: 20
Quality encoding type selected: ASCII+33
Adapter sequence: 'AGATCGGAAGAGC' (Illumina TruSeq, Sanger iPCR; user defined)
Maximum trimming error rate: 0.1 (default)
Minimum required adapter overlap (stringency): 1 bp
Minimum required sequence length for both reads before a sequence pair gets removed: 20 bp
Length cut-off for read 1: 35 bp (default)
Length cut-off for read 2: 35 bp (default)
Running FastQC on the data once trimming has completed


This is cutadapt 2.4 with Python 3.7.3
Command line parameters: -j 1 -e 0.1 -q 20 -O 1 -a AGATCGGAAGAGC 75Lt.300.R2.fastq
Processing reads on 1 core in single-end mode ...
Finished in 99.64 s (15 us/read; 4.09 M reads/minute).

=== Summary ===

Total reads processed:               6,797,912
Reads with adapters:                 1,970,277 (29.0%)
Reads written (passing filters):     6,797,912 (100.0%)

Total basepairs processed: 1,430,745,935 bp
Quality-trimmed:             173,548,880 bp (12.1%)
Total written (filtered):  1,254,221,644 bp (87.7%)

=== Adapter 1 ===

Sequence: AGATCGGAAGAGC; Type: regular 3'; Length: 13; Trimmed: 1970277 times.

No. of allowed errors:
0-9 bp: 0; 10-13 bp: 1

Bases preceding removed adapters:
  A: 35.3%
  C: 23.7%
  G: 20.4%
  T: 20.5%
  none/other: 0.0%

Overview of removed sequences
length	count	expect	max.err	error counts
1	1326965	1699478.0	0	1326965
2	491687	424869.5	0	491687
3	99312	106217.4	0	99312
4	40001	26554.3	0	40001
5	9659	6638.6	0	9659
6	522	1659.6	0	522
7	103	414.9	0	103
8	35	103.7	0	35
9	210	25.9	0	10 200
10	403	6.5	1	9 394
11	91	1.6	1	2 89
12	14	0.4	1	0 14
13	7	0.1	1	0 7
14	10	0.1	1	0 10
15	5	0.1	1	0 5
16	6	0.1	1	0 6
17	3	0.1	1	0 3
18	2	0.1	1	0 2
19	11	0.1	1	0 11
20	6	0.1	1	0 6
21	3	0.1	1	0 3
22	4	0.1	1	0 4
23	12	0.1	1	0 12
24	11	0.1	1	1 10
25	6	0.1	1	0 6
26	1	0.1	1	0 1
27	14	0.1	1	0 14
28	5	0.1	1	1 4
29	7	0.1	1	0 7
30	11	0.1	1	0 11
31	6	0.1	1	0 6
32	9	0.1	1	0 9
33	9	0.1	1	1 8
34	8	0.1	1	1 7
35	7	0.1	1	0 7
36	10	0.1	1	2 8
37	7	0.1	1	0 7
38	11	0.1	1	0 11
39	5	0.1	1	1 4
40	10	0.1	1	0 10
41	11	0.1	1	1 10
42	9	0.1	1	0 9
43	9	0.1	1	0 9
44	10	0.1	1	0 10
45	3	0.1	1	1 2
46	7	0.1	1	0 7
47	8	0.1	1	0 8
48	4	0.1	1	0 4
49	8	0.1	1	0 8
50	4	0.1	1	0 4
51	5	0.1	1	1 4
52	7	0.1	1	0 7
53	8	0.1	1	0 8
54	12	0.1	1	1 11
55	9	0.1	1	1 8
56	5	0.1	1	0 5
57	7	0.1	1	0 7
58	7	0.1	1	2 5
59	7	0.1	1	1 6
60	6	0.1	1	0 6
61	11	0.1	1	2 9
62	6	0.1	1	0 6
63	4	0.1	1	0 4
64	9	0.1	1	0 9
65	7	0.1	1	0 7
66	6	0.1	1	0 6
67	4	0.1	1	0 4
68	5	0.1	1	0 5
69	8	0.1	1	1 7
70	4	0.1	1	0 4
71	9	0.1	1	0 9
72	13	0.1	1	1 12
73	6	0.1	1	1 5
74	4	0.1	1	0 4
75	9	0.1	1	0 9
76	4	0.1	1	0 4
77	6	0.1	1	0 6
78	10	0.1	1	0 10
79	6	0.1	1	0 6
80	6	0.1	1	0 6
81	7	0.1	1	0 7
82	4	0.1	1	0 4
83	5	0.1	1	0 5
84	5	0.1	1	0 5
85	5	0.1	1	1 4
86	6	0.1	1	0 6
87	6	0.1	1	0 6
88	6	0.1	1	0 6
89	2	0.1	1	0 2
90	7	0.1	1	0 7
91	3	0.1	1	1 2
92	8	0.1	1	0 8
93	6	0.1	1	0 6
94	13	0.1	1	3 10
95	3	0.1	1	0 3
96	4	0.1	1	0 4
97	4	0.1	1	1 3
98	5	0.1	1	0 5
99	6	0.1	1	1 5
100	7	0.1	1	1 6
101	4	0.1	1	0 4
102	9	0.1	1	0 9
103	2	0.1	1	0 2
104	2	0.1	1	0 2
105	6	0.1	1	0 6
106	6	0.1	1	0 6
107	9	0.1	1	0 9
108	8	0.1	1	1 7
109	3	0.1	1	0 3
110	7	0.1	1	0 7
111	6	0.1	1	1 5
112	1	0.1	1	0 1
113	6	0.1	1	0 6
114	12	0.1	1	3 9
115	7	0.1	1	0 7
116	7	0.1	1	0 7
117	9	0.1	1	2 7
118	3	0.1	1	0 3
119	4	0.1	1	0 4
120	7	0.1	1	0 7
121	6	0.1	1	0 6
122	7	0.1	1	0 7
123	8	0.1	1	1 7
124	7	0.1	1	0 7
125	5	0.1	1	0 5
126	5	0.1	1	0 5
127	9	0.1	1	0 9
128	2	0.1	1	0 2
129	4	0.1	1	0 4
130	5	0.1	1	0 5
131	6	0.1	1	0 6
132	7	0.1	1	0 7
133	6	0.1	1	0 6
134	2	0.1	1	0 2
135	4	0.1	1	0 4
136	8	0.1	1	1 7
137	4	0.1	1	0 4
138	6	0.1	1	0 6
139	6	0.1	1	0 6
140	7	0.1	1	1 6
141	7	0.1	1	0 7
142	4	0.1	1	0 4
143	6	0.1	1	0 6
144	4	0.1	1	0 4
145	1	0.1	1	0 1
146	7	0.1	1	0 7
147	3	0.1	1	0 3
148	7	0.1	1	0 7
149	3	0.1	1	0 3
150	9	0.1	1	0 9
151	5	0.1	1	1 4
152	10	0.1	1	1 9
153	6	0.1	1	0 6
154	10	0.1	1	1 9
155	5	0.1	1	0 5
156	4	0.1	1	0 4
157	3	0.1	1	1 2
158	3	0.1	1	0 3
159	3	0.1	1	0 3
160	4	0.1	1	0 4
161	2	0.1	1	0 2
162	2	0.1	1	1 1
163	7	0.1	1	0 7
164	3	0.1	1	0 3
165	4	0.1	1	0 4
166	8	0.1	1	2 6
167	9	0.1	1	0 9
168	3	0.1	1	0 3
169	3	0.1	1	1 2
170	1	0.1	1	0 1
171	1	0.1	1	0 1
172	3	0.1	1	0 3
173	2	0.1	1	0 2
174	1	0.1	1	0 1
175	4	0.1	1	0 4
176	5	0.1	1	0 5
177	5	0.1	1	0 5
178	1	0.1	1	0 1
179	5	0.1	1	0 5
180	4	0.1	1	0 4
181	1	0.1	1	0 1
182	3	0.1	1	0 3
183	5	0.1	1	1 4
184	7	0.1	1	0 7
185	5	0.1	1	1 4
186	5	0.1	1	0 5
187	3	0.1	1	1 2
188	2	0.1	1	0 2
189	1	0.1	1	0 1
190	3	0.1	1	0 3
191	3	0.1	1	0 3
192	1	0.1	1	0 1
193	6	0.1	1	0 6
194	6	0.1	1	0 6
195	8	0.1	1	0 8
196	2	0.1	1	0 2
197	9	0.1	1	0 9
198	4	0.1	1	0 4
199	4	0.1	1	0 4
200	7	0.1	1	0 7
201	2	0.1	1	0 2
202	5	0.1	1	0 5
203	1	0.1	1	0 1
204	1	0.1	1	0 1
205	2	0.1	1	0 2
206	4	0.1	1	1 3
207	3	0.1	1	0 3
208	6	0.1	1	1 5
209	3	0.1	1	1 2
210	6	0.1	1	0 6
211	3	0.1	1	0 3
212	2	0.1	1	0 2
213	7	0.1	1	0 7
214	4	0.1	1	0 4
215	2	0.1	1	0 2
216	2	0.1	1	0 2
217	3	0.1	1	0 3
218	3	0.1	1	0 3
219	3	0.1	1	0 3
220	2	0.1	1	0 2
221	3	0.1	1	0 3
222	2	0.1	1	0 2
223	1	0.1	1	0 1
224	3	0.1	1	0 3
225	3	0.1	1	0 3
226	2	0.1	1	0 2
227	3	0.1	1	0 3
228	5	0.1	1	0 5
229	1	0.1	1	0 1
230	3	0.1	1	0 3
231	1	0.1	1	0 1
232	2	0.1	1	0 2
233	3	0.1	1	0 3
234	2	0.1	1	0 2
236	1	0.1	1	0 1
237	3	0.1	1	0 3
238	1	0.1	1	0 1
240	2	0.1	1	0 2
241	3	0.1	1	0 3
242	1	0.1	1	0 1
243	6	0.1	1	0 6
244	1	0.1	1	0 1
246	4	0.1	1	0 4
247	2	0.1	1	0 2
248	7	0.1	1	0 7
250	2	0.1	1	0 2
251	1	0.1	1	0 1
252	6	0.1	1	0 6
254	2	0.1	1	0 2
255	2	0.1	1	0 2
261	2	0.1	1	1 1
262	1	0.1	1	0 1
263	2	0.1	1	0 2
264	1	0.1	1	0 1
265	2	0.1	1	0 2
266	1	0.1	1	0 1
268	2	0.1	1	0 2
269	1	0.1	1	0 1
271	3	0.1	1	0 3
272	2	0.1	1	0 2
273	1	0.1	1	0 1
274	1	0.1	1	0 1
278	1	0.1	1	0 1
280	2	0.1	1	0 2
281	1	0.1	1	0 1
282	1	0.1	1	0 1
283	1	0.1	1	0 1
284	1	0.1	1	0 1
285	1	0.1	1	0 1
288	2	0.1	1	0 2
289	1	0.1	1	0 1
290	2	0.1	1	0 2
291	1	0.1	1	0 1
292	1	0.1	1	0 1
293	1	0.1	1	0 1
295	1	0.1	1	0 1
297	1	0.1	1	0 1
300	1	0.1	1	0 1

RUN STATISTICS FOR INPUT FILE: 75Lt.300.R2.fastq
=============================================
6797912 sequences processed in total

Total number of sequences analysed for the sequence pair length validation: 6797912

Number of sequence pairs removed because at least one read was shorter than the length cutoff (20 bp): 62381 (0.92%)
